4 0.234375 0.483125 0.234375 0.545 0.240625 0.545 0.242188 0.547812 0.246875 0.547812 0.248437 0.550625 0.25 0.550625 0.251563 0.553437 0.253125 0.553437 0.254687 0.55625 0.25625 0.55625 0.257812 0.559062 0.259375 0.559062 0.260938 0.561875 0.2625 0.561875 0.265625 0.5675 0.26875 0.5675 0.270312 0.570312 0.273438 0.564687 0.275 0.564687 0.276563 0.561875 0.278125 0.561875 0.278125 0.559062 0.282813 0.550625 0.282813 0.545 0.284375 0.542187 0.284375 0.53375 0.285937 0.530937 0.285937 0.5225 0.2875 0.519687 0.2875 0.514062 0.285937 0.51125 0.285937 0.502812 0.279687 0.491562 0.279687 0.483125
4 0.271875 0.393125 0.271875 0.469062 0.28125 0.469062 0.282813 0.471875 0.284375 0.471875 0.285937 0.469062 0.292188 0.469062 0.29375 0.471875 0.296875 0.471875 0.298438 0.474687 0.30625 0.474687 0.307813 0.471875 0.310937 0.471875 0.315625 0.463437 0.315625 0.460625 0.317187 0.457812 0.317187 0.446562 0.31875 0.44375 0.31875 0.4325 0.317187 0.429687 0.317187 0.418437 0.315625 0.415625 0.315625 0.393125
4 0.284375 0.505625 0.284375 0.570312 0.292188 0.570312 0.29375 0.573125 0.298438 0.573125 0.3 0.575937 0.303125 0.575937 0.307813 0.584375 0.307813 0.592812 0.325 0.592812 0.325 0.581562 0.328125 0.575937 0.328125 0.573125 0.33125 0.5675 0.33125 0.564687 0.334375 0.559062 0.334375 0.550625 0.335938 0.547812 0.335938 0.542187 0.340625 0.53375 0.345313 0.53375 0.345313 0.525312 0.340625 0.525312 0.335938 0.516875 0.335938 0.505625 0.328125 0.505625 0.328125 0.514062 0.326562 0.516875 0.320312 0.516875 0.31875 0.514062 0.31875 0.505625
4 0.659375 0.606875 0.659375 0.635 0.667188 0.635 0.66875 0.637812 0.671875 0.637812 0.673437 0.640625 0.673437 0.649062 0.671875 0.651875 0.671875 0.660312 0.707812 0.660312 0.707812 0.606875
4 0.615625 0.606875 0.615625 0.660312 0.628125 0.660312 0.628125 0.651875 0.63125 0.64625 0.635938 0.64625 0.6375 0.643437 0.640625 0.643437 0.646875 0.632187 0.648438 0.632187 0.65 0.629375 0.65 0.606875
4 0.234375 0.483125 0.234375 0.545 0.240625 0.545 0.242188 0.547812 0.246875 0.547812 0.248437 0.550625 0.25 0.550625 0.251563 0.553437 0.253125 0.553437 0.254687 0.55625 0.25625 0.55625 0.257812 0.559062 0.259375 0.559062 0.260938 0.561875 0.2625 0.561875 0.265625 0.5675 0.26875 0.5675 0.270312 0.570312 0.273438 0.564687 0.275 0.564687 0.276563 0.561875 0.278125 0.561875 0.278125 0.559062 0.282813 0.550625 0.282813 0.545 0.284375 0.542187 0.284375 0.53375 0.285937 0.530937 0.285937 0.5225 0.2875 0.519687 0.2875 0.514062 0.285937 0.51125 0.285937 0.502812 0.279687 0.491562 0.279687 0.483125
4 0.271875 0.393125 0.271875 0.469062 0.28125 0.469062 0.282813 0.471875 0.284375 0.471875 0.285937 0.469062 0.292188 0.469062 0.29375 0.471875 0.296875 0.471875 0.298438 0.474687 0.30625 0.474687 0.307813 0.471875 0.310937 0.471875 0.315625 0.463437 0.315625 0.460625 0.317187 0.457812 0.317187 0.446562 0.31875 0.44375 0.31875 0.4325 0.317187 0.429687 0.317187 0.418437 0.315625 0.415625 0.315625 0.393125
4 0.284375 0.505625 0.284375 0.570312 0.292188 0.570312 0.29375 0.573125 0.298438 0.573125 0.3 0.575937 0.303125 0.575937 0.307813 0.584375 0.307813 0.592812 0.325 0.592812 0.325 0.581562 0.328125 0.575937 0.328125 0.573125 0.33125 0.5675 0.33125 0.564687 0.334375 0.559062 0.334375 0.550625 0.335938 0.547812 0.335938 0.542187 0.340625 0.53375 0.345313 0.53375 0.345313 0.525312 0.340625 0.525312 0.335938 0.516875 0.335938 0.505625 0.328125 0.505625 0.328125 0.514062 0.326562 0.516875 0.320312 0.516875 0.31875 0.514062 0.31875 0.505625
4 0.659375 0.606875 0.659375 0.635 0.667188 0.635 0.66875 0.637812 0.671875 0.637812 0.673437 0.640625 0.673437 0.649062 0.671875 0.651875 0.671875 0.660312 0.707812 0.660312 0.707812 0.606875
4 0.615625 0.606875 0.615625 0.660312 0.628125 0.660312 0.628125 0.651875 0.63125 0.64625 0.635938 0.64625 0.6375 0.643437 0.640625 0.643437 0.646875 0.632187 0.648438 0.632187 0.65 0.629375 0.65 0.606875
4 0.234375 0.483125 0.234375 0.545 0.240625 0.545 0.242188 0.547812 0.246875 0.547812 0.248437 0.550625 0.25 0.550625 0.251563 0.553437 0.253125 0.553437 0.254687 0.55625 0.25625 0.55625 0.257812 0.559062 0.259375 0.559062 0.260938 0.561875 0.2625 0.561875 0.265625 0.5675 0.26875 0.5675 0.270312 0.570312 0.273438 0.564687 0.275 0.564687 0.276563 0.561875 0.278125 0.561875 0.278125 0.559062 0.282813 0.550625 0.282813 0.545 0.284375 0.542187 0.284375 0.53375 0.285937 0.530937 0.285937 0.5225 0.2875 0.519687 0.2875 0.514062 0.285937 0.51125 0.285937 0.502812 0.279687 0.491562 0.279687 0.483125
4 0.271875 0.393125 0.271875 0.469062 0.28125 0.469062 0.282813 0.471875 0.284375 0.471875 0.285937 0.469062 0.292188 0.469062 0.29375 0.471875 0.296875 0.471875 0.298438 0.474687 0.30625 0.474687 0.307813 0.471875 0.310937 0.471875 0.315625 0.463437 0.315625 0.460625 0.317187 0.457812 0.317187 0.446562 0.31875 0.44375 0.31875 0.4325 0.317187 0.429687 0.317187 0.418437 0.315625 0.415625 0.315625 0.393125
4 0.284375 0.505625 0.284375 0.570312 0.292188 0.570312 0.29375 0.573125 0.298438 0.573125 0.3 0.575937 0.303125 0.575937 0.307813 0.584375 0.307813 0.592812 0.325 0.592812 0.325 0.581562 0.328125 0.575937 0.328125 0.573125 0.33125 0.5675 0.33125 0.564687 0.334375 0.559062 0.334375 0.550625 0.335938 0.547812 0.335938 0.542187 0.340625 0.53375 0.345313 0.53375 0.345313 0.525312 0.340625 0.525312 0.335938 0.516875 0.335938 0.505625 0.328125 0.505625 0.328125 0.514062 0.326562 0.516875 0.320312 0.516875 0.31875 0.514062 0.31875 0.505625
4 0.659375 0.606875 0.659375 0.635 0.667188 0.635 0.66875 0.637812 0.671875 0.637812 0.673437 0.640625 0.673437 0.649062 0.671875 0.651875 0.671875 0.660312 0.707812 0.660312 0.707812 0.606875
4 0.615625 0.606875 0.615625 0.660312 0.628125 0.660312 0.628125 0.651875 0.63125 0.64625 0.635938 0.64625 0.6375 0.643437 0.640625 0.643437 0.646875 0.632187 0.648438 0.632187 0.65 0.629375 0.65 0.606875
4 0.234375 0.483125 0.234375 0.545 0.240625 0.545 0.242188 0.547812 0.246875 0.547812 0.248437 0.550625 0.25 0.550625 0.251563 0.553437 0.253125 0.553437 0.254687 0.55625 0.25625 0.55625 0.257812 0.559062 0.259375 0.559062 0.260938 0.561875 0.2625 0.561875 0.265625 0.5675 0.26875 0.5675 0.270312 0.570312 0.273438 0.564687 0.275 0.564687 0.276563 0.561875 0.278125 0.561875 0.278125 0.559062 0.282813 0.550625 0.282813 0.545 0.284375 0.542187 0.284375 0.53375 0.285937 0.530937 0.285937 0.5225 0.2875 0.519687 0.2875 0.514062 0.285937 0.51125 0.285937 0.502812 0.279687 0.491562 0.279687 0.483125
4 0.271875 0.393125 0.271875 0.469062 0.28125 0.469062 0.282813 0.471875 0.284375 0.471875 0.285937 0.469062 0.292188 0.469062 0.29375 0.471875 0.296875 0.471875 0.298438 0.474687 0.30625 0.474687 0.307813 0.471875 0.310937 0.471875 0.315625 0.463437 0.315625 0.460625 0.317187 0.457812 0.317187 0.446562 0.31875 0.44375 0.31875 0.4325 0.317187 0.429687 0.317187 0.418437 0.315625 0.415625 0.315625 0.393125
4 0.284375 0.505625 0.284375 0.570312 0.292188 0.570312 0.29375 0.573125 0.298438 0.573125 0.3 0.575937 0.303125 0.575937 0.307813 0.584375 0.307813 0.592812 0.325 0.592812 0.325 0.581562 0.328125 0.575937 0.328125 0.573125 0.33125 0.5675 0.33125 0.564687 0.334375 0.559062 0.334375 0.550625 0.335938 0.547812 0.335938 0.542187 0.340625 0.53375 0.345313 0.53375 0.345313 0.525312 0.340625 0.525312 0.335938 0.516875 0.335938 0.505625 0.328125 0.505625 0.328125 0.514062 0.326562 0.516875 0.320312 0.516875 0.31875 0.514062 0.31875 0.505625
4 0.659375 0.606875 0.659375 0.635 0.667188 0.635 0.66875 0.637812 0.671875 0.637812 0.673437 0.640625 0.673437 0.649062 0.671875 0.651875 0.671875 0.660312 0.707812 0.660312 0.707812 0.606875
4 0.615625 0.606875 0.615625 0.660312 0.628125 0.660312 0.628125 0.651875 0.63125 0.64625 0.635938 0.64625 0.6375 0.643437 0.640625 0.643437 0.646875 0.632187 0.648438 0.632187 0.65 0.629375 0.65 0.606875
